01000010000000000000000000000011
01000010000000000010000000000100
01000010000000000100000000000101
01000000100000000000000000000110
01000000100000000000000000001000
01110100000001000000001100001010
00011000000000101000000110001011
00110100000000000000010110001100
00011000000000101000001000001101
00110100000000000000011010001110
11100001000000110000011100001000
00011100000000000100001100000110
01111100000000010000001100001111
00100000011111111111110010001111
00100100000000000000001010001000
00000000000000000000000000000000
